0 0.0
200 4.003
400 16.004
600 44.034
800 60.01
1000 116.018
1200 174.2
1400 248.05
1600 277.375
1800 383.064
2000 483.275
2200 523.689
2400 591.001
2600 682.499
2800 819.472
3000 904.062
3200 1014.772
3400 1131.24
3600 1434.66
3800 1604.17
4000 1782.645
4200 2044.675
4400 2057.398
4600 2447.642
4800 2691.047
5000 2819.125
5200 2911.992
5400 3121.186
5600 3390.594
5800 3864.92
6000 3994.306
6200 4244.099
6400 4449.5470000000005
6600 4998.445
6800 5344.713
7000 5538.094
7200 5781.428
7400 6055.414
7600 6468.531
7800 6404.738
8000 6592.593
8200 7060.524
8400 7221.453
8600 7643.3369999999995
8800 8134.765
9000 8515.414
9200 8663.469000000001
9400 9143.854
9600 9812.196
9800 9940.062
